index 1 0.004779158246590516
United_States_09d4 2 3.821669580312539E-4
Geographic_coordinate_system 3 3.08761088559208E-4
Biography 4 2.615908046211819E-4
2007 5 2.238369589586084E-4
France 6 1.6132339494826786E-4
2008 7 1.4180946814633483E-4
Biological_classification 8 1.415971786411073E-4
United_Kingdom_5ad7 9 1.4046451414827146E-4
Music_genre 10 1.3808622873027237E-4
Record_label 11 1.3661908898119938E-4
England 12 1.2337052699758333E-4
2006 13 1.2200229722579168E-4
Canada 14 1.0589557216386872E-4
2005 15 9.784987251630163E-5
Internet_Movie_Database_7ea7 16 9.697173662585453E-5
Binomial_nomenclature 17 9.20055341608624E-5
India 18 8.529700885606441E-5
Australia 19 8.474195010442358E-5
Personal_name 20 8.464579993550615E-5
Germany 21 8.16787036112716E-5
Departments_of_France_f3ab 22 7.994564033433479E-5
Studio_album 23 7.753332655612783E-5
Village 24 7.399208613392187E-5
2004 25 7.27435393548253E-5
Football_%28soccer%29 26 7.101184438985883E-5
Japan 27 7.09312507673082E-5
Record_producer 28 6.831156162223775E-5
English_language 29 6.17156785111523E-5
Politician 30 5.970209820253611E-5
Conservation_status 31 5.9669632568504035E-5
2003 32 5.9301410381047314E-5
Animal 33 5.241031357677592E-5
Population_density 34 5.237056265526604E-5
2001 35 5.212166776997306E-5
London 36 5.18425619181065E-5
Europe 37 5.139435727216609E-5
Italy 38 5.092524674752543E-5
World_War_II_d045 39 5.0341752251967563E-5
Website 40 5.0136955915521404E-5
Album 41 4.991729699102654E-5
Romania 42 4.9273846702747486E-5
2002 43 4.905488920998868E-5
Metre 44 4.903320482789004E-5
Wiktionary 45 4.820284560792687E-5
Time_zone 46 4.524526121977003E-5
1999 47 4.521767359763963E-5
2000 48 4.507009084714903E-5
Public_domain 49 4.402754299009134E-5
Plant 50 4.274610361513805E-5
Square_mile 51 4.1210325466459807E-5
Elevation 52 4.091488556719692E-5
Actor 53 4.079352061805253E-5
Spain 54 4.060744777356915E-5
Area 55 3.977820767662542E-5
Square_kilometer 56 3.969493314424165E-5
1998 57 3.816897635175669E-5
Digital_object_identifier 58 3.802711745479528E-5
Poland 59 3.7868332533643685E-5
Population 60 3.7749835215939826E-5
Flowering_plant 61 3.7636543282187335E-5
New_York_City_1428 62 3.755652009470725E-5
New_York_3da4 63 3.751025149512097E-5
California 64 3.720554018793598E-5
Sweden 65 3.7109123628912466E-5
Scotland 66 3.70362976206597E-5
Television 67 3.6932569246042174E-5
Film 68 3.646469934807484E-5
China 69 3.627483150299119E-5
Norway 70 3.608264356016992E-5
Animalia 71 3.586942873512011E-5
Russia 72 3.48654232002017E-5
1997 73 3.455184850693926E-5
Brazil 74 3.452519291070357E-5
1996 75 3.34466287944533E-5
